For wordsize 11 and 4 number of words per block
No. of data devices: 8.
Size of each device: 3256 bytes.
Size of data devices: 26048 bytes.
No. of coding devices: 2.
Size of coding devices: 6512 bytes.
Total size of all devices: 32560 bytes.
Total memory available: 32768 bytes.
Total number of stripes: 9
Stripesize: 3520 bytes.
Size of data stripe: 2816 bytes
initializing_time 0.0042209680
The data region after step 0 is
Stripe id: 0
1 2 3 4 5 6 7 8 9 10 11 12 13 14 15 16 17 18 19 20 21 22 23 24 25 26 27 28 29 30 31 32 33 34 35 36 37 38 39 40 41 42 43 44 45 46 47 48 49 50 51 52 53 54 55 56 57 58 59 60 61 62 63 64 65 66 67 68 69 70 71 72 73 74 75 76 77 78 79 80 81 82 83 84 85 86 87 88 89 90 91 92 93 94 95 96 97 98 99 100 101 102 103 104 105 106 107 108 109 110 111 112 113 114 115 116 117 118 119 120 121 122 123 124 125 126 127 128 129 130 131 132 133 134 135 136 137 138 139 140 141 142 143 144 145 146 147 148 149 150 151 152 153 154 155 156 157 158 159 160 161 162 163 164 165 166 167 168 169 170 171 172 173 174 175 176 177 178 179 180 181 182 183 184 185 186 187 188 189 190 191 192 193 194 195 196 197 198 199 200 201 202 203 204 205 206 207 208 209 210 211 212 213 214 215 216 217 218 219 220 221 222 223 224 225 226 227 228 229 230 231 232 233 234 235 236 237 238 239 240 241 242 243 244 245 246 247 248 249 250 251 252 253 254 255 256 257 258 259 260 261 262 263 264 265 266 267 268 269 270 271 272 273 274 275 276 277 278 279 280 281 282 283 284 285 286 287 288 289 290 291 292 293 294 295 296 297 298 299 300 301 302 303 304 305 306 307 308 309 310 311 312 313 314 315 316 317 318 319 320 321 322 323 324 325 326 327 328 329 330 331 332 333 334 335 336 337 338 339 340 341 342 343 344 345 346 347 348 349 350 351 352 
Stripe id: 1
353 354 355 356 357 358 359 360 361 362 363 364 365 366 367 368 369 370 371 372 373 374 375 376 377 378 379 380 381 382 383 384 385 386 387 388 389 390 391 392 393 394 395 396 397 398 399 400 401 402 403 404 405 406 407 408 409 410 411 412 413 414 415 416 417 418 419 420 421 422 423 424 425 426 427 428 429 430 431 432 433 434 435 436 437 438 439 440 441 442 443 444 445 446 447 448 449 450 451 452 453 454 455 456 457 458 459 460 461 462 463 464 465 466 467 468 469 470 471 472 473 474 475 476 477 478 479 480 481 482 483 484 485 486 487 488 489 490 491 492 493 494 495 496 497 498 499 500 501 502 503 504 505 506 507 508 509 510 511 512 513 514 515 516 517 518 519 520 521 522 523 524 525 526 527 528 529 530 531 532 533 534 535 536 537 538 539 540 541 542 543 544 545 546 547 548 549 550 551 552 553 554 555 556 557 558 559 560 561 562 563 564 565 566 567 568 569 570 571 572 573 574 575 576 577 578 579 580 581 582 583 584 585 586 587 588 589 590 591 592 593 594 595 596 597 598 599 600 601 602 603 604 605 606 607 608 609 610 611 612 613 614 615 616 617 618 619 620 621 622 623 624 625 626 627 628 629 630 631 632 633 634 635 636 637 638 639 640 641 642 643 644 645 646 647 648 649 650 651 652 653 654 655 656 657 658 659 660 661 662 663 664 665 666 667 668 669 670 671 672 673 674 675 676 677 678 679 680 681 682 683 684 685 686 687 688 689 690 691 692 693 694 695 696 697 698 699 700 701 702 703 704 
Stripe id: 2
705 706 707 708 709 710 711 712 713 714 715 716 717 718 719 720 721 722 723 724 725 726 727 728 729 730 731 732 733 734 735 736 737 738 739 740 741 742 743 744 745 746 747 748 749 750 751 752 753 754 755 756 757 758 759 760 761 762 763 764 765 766 767 768 769 770 771 772 773 774 775 776 777 778 779 780 781 782 783 784 785 786 787 788 789 790 791 792 793 794 795 796 797 798 799 800 801 802 803 804 805 806 807 808 809 810 811 812 813 814 815 816 817 818 819 820 821 822 823 824 825 826 827 828 829 830 831 832 833 834 835 836 837 838 839 840 841 842 843 844 845 846 847 848 849 850 851 852 853 854 855 856 857 858 859 860 861 862 863 864 865 866 867 868 869 870 871 872 873 874 875 876 877 878 879 880 881 882 883 884 885 886 887 888 889 890 891 892 893 894 895 896 897 898 899 900 901 902 903 904 905 906 907 908 909 910 911 912 913 914 915 916 917 918 919 920 921 922 923 924 925 926 927 928 929 930 931 932 933 934 935 936 937 938 939 940 941 942 943 944 945 946 947 948 949 950 951 952 953 954 955 956 957 958 959 960 961 962 963 964 965 966 967 968 969 970 971 972 973 974 975 976 977 978 979 980 981 982 983 984 985 986 987 988 989 990 991 992 993 994 995 996 997 998 999 1000 1001 1002 1003 1004 1005 1006 1007 1008 1009 1010 1011 1012 1013 1014 1015 1016 1017 1018 1019 1020 1021 1022 1023 1024 1025 1026 1027 1028 1029 1030 1031 1032 1033 1034 1035 1036 1037 1038 1039 1040 1041 1042 1043 1044 1045 1046 1047 1048 1049 1050 1051 1052 1053 1054 1055 1056 
Stripe id: 3
1057 1058 1059 1060 1061 1062 1063 1064 1065 1066 1067 1068 1069 1070 1071 1072 1073 1074 1075 1076 1077 1078 1079 1080 1081 1082 1083 1084 1085 1086 1087 1088 1089 1090 1091 1092 1093 1094 1095 1096 1097 1098 1099 1100 1101 1102 1103 1104 1105 1106 1107 1108 1109 1110 1111 1112 1113 1114 1115 1116 1117 1118 1119 1120 1121 1122 1123 1124 1125 1126 1127 1128 1129 1130 1131 1132 1133 1134 1135 1136 1137 1138 1139 1140 1141 1142 1143 1144 1145 1146 1147 1148 1149 1150 1151 1152 1153 1154 1155 1156 1157 1158 1159 1160 1161 1162 1163 1164 1165 1166 1167 1168 1169 1170 1171 1172 1173 1174 1175 1176 1177 1178 1179 1180 1181 1182 1183 1184 1185 1186 1187 1188 1189 1190 1191 1192 1193 1194 1195 1196 1197 1198 1199 1200 1201 1202 1203 1204 1205 1206 1207 1208 1209 1210 1211 1212 1213 1214 1215 1216 1217 1218 1219 1220 1221 1222 1223 1224 1225 1226 1227 1228 1229 1230 1231 1232 1233 1234 1235 1236 1237 1238 1239 1240 1241 1242 1243 1244 1245 1246 1247 1248 1249 1250 1251 1252 1253 1254 1255 1256 1257 1258 1259 1260 1261 1262 1263 1264 1265 1266 1267 1268 1269 1270 1271 1272 1273 1274 1275 1276 1277 1278 1279 1280 1281 1282 1283 1284 1285 1286 1287 1288 1289 1290 1291 1292 1293 1294 1295 1296 1297 1298 1299 1300 1301 1302 1303 1304 1305 1306 1307 1308 1309 1310 1311 1312 1313 1314 1315 1316 1317 1318 1319 1320 1321 1322 1323 1324 1325 1326 1327 1328 1329 1330 1331 1332 1333 1334 1335 1336 1337 1338 1339 1340 1341 1342 1343 1344 1345 1346 1347 1348 1349 1350 1351 1352 1353 1354 1355 1356 1357 1358 1359 1360 1361 1362 1363 1364 1365 1366 1367 1368 1369 1370 1371 1372 1373 1374 1375 1376 1377 1378 1379 1380 1381 1382 1383 1384 1385 1386 1387 1388 1389 1390 1391 1392 1393 1394 1395 1396 1397 1398 1399 1400 1401 1402 1403 1404 1405 1406 1407 1408 
Stripe id: 4
1409 1410 1411 1412 1413 1414 1415 1416 1417 1418 1419 1420 1421 1422 1423 1424 1425 1426 1427 1428 1429 1430 1431 1432 1433 1434 1435 1436 1437 1438 1439 1440 1441 1442 1443 1444 1445 1446 1447 1448 1449 1450 1451 1452 1453 1454 1455 1456 1457 1458 1459 1460 1461 1462 1463 1464 1465 1466 1467 1468 1469 1470 1471 1472 1473 1474 1475 1476 1477 1478 1479 1480 1481 1482 1483 1484 1485 1486 1487 1488 1489 1490 1491 1492 1493 1494 1495 1496 1497 1498 1499 1500 1501 1502 1503 1504 1505 1506 1507 1508 1509 1510 1511 1512 1513 1514 1515 1516 1517 1518 1519 1520 1521 1522 1523 1524 1525 1526 1527 1528 1529 1530 1531 1532 1533 1534 1535 1536 1537 1538 1539 1540 1541 1542 1543 1544 1545 1546 1547 1548 1549 1550 1551 1552 1553 1554 1555 1556 1557 1558 1559 1560 1561 1562 1563 1564 1565 1566 1567 1568 1569 1570 1571 1572 1573 1574 1575 1576 1577 1578 1579 1580 1581 1582 1583 1584 1585 1586 1587 1588 1589 1590 1591 1592 1593 1594 1595 1596 1597 1598 1599 1600 1601 1602 1603 1604 1605 1606 1607 1608 1609 1610 1611 1612 1613 1614 1615 1616 1617 1618 1619 1620 1621 1622 1623 1624 1625 1626 1627 1628 1629 1630 1631 1632 1633 1634 1635 1636 1637 1638 1639 1640 1641 1642 1643 1644 1645 1646 1647 1648 1649 1650 1651 1652 1653 1654 1655 1656 1657 1658 1659 1660 1661 1662 1663 1664 1665 1666 1667 1668 1669 1670 1671 1672 1673 1674 1675 1676 1677 1678 1679 1680 1681 1682 1683 1684 1685 1686 1687 1688 1689 1690 1691 1692 1693 1694 1695 1696 1697 1698 1699 1700 1701 1702 1703 1704 1705 1706 1707 1708 1709 1710 1711 1712 1713 1714 1715 1716 1717 1718 1719 1720 1721 1722 1723 1724 1725 1726 1727 1728 1729 1730 1731 1732 1733 1734 1735 1736 1737 1738 1739 1740 1741 1742 1743 1744 1745 1746 1747 1748 1749 1750 1751 1752 1753 1754 1755 1756 1757 1758 1759 1760 
Stripe id: 5
1761 1762 1763 1764 1765 1766 1767 1768 1769 1770 1771 1772 1773 1774 1775 1776 1777 1778 1779 1780 1781 1782 1783 1784 1785 1786 1787 1788 1789 1790 1791 1792 1793 1794 1795 1796 1797 1798 1799 1800 1801 1802 1803 1804 1805 1806 1807 1808 1809 1810 1811 1812 1813 1814 1815 1816 1817 1818 1819 1820 1821 1822 1823 1824 1825 1826 1827 1828 1829 1830 1831 1832 1833 1834 1835 1836 1837 1838 1839 1840 1841 1842 1843 1844 1845 1846 1847 1848 1849 1850 1851 1852 1853 1854 1855 1856 1857 1858 1859 1860 1861 1862 1863 1864 1865 1866 1867 1868 1869 1870 1871 1872 1873 1874 1875 1876 1877 1878 1879 1880 1881 1882 1883 1884 1885 1886 1887 1888 1889 1890 1891 1892 1893 1894 1895 1896 1897 1898 1899 1900 1901 1902 1903 1904 1905 1906 1907 1908 1909 1910 1911 1912 1913 1914 1915 1916 1917 1918 1919 1920 1921 1922 1923 1924 1925 1926 1927 1928 1929 1930 1931 1932 1933 1934 1935 1936 1937 1938 1939 1940 1941 1942 1943 1944 1945 1946 1947 1948 1949 1950 1951 1952 1953 1954 1955 1956 1957 1958 1959 1960 1961 1962 1963 1964 1965 1966 1967 1968 1969 1970 1971 1972 1973 1974 1975 1976 1977 1978 1979 1980 1981 1982 1983 1984 1985 1986 1987 1988 1989 1990 1991 1992 1993 1994 1995 1996 1997 1998 1999 2000 2001 2002 2003 2004 2005 2006 2007 2008 2009 2010 2011 2012 2013 2014 2015 2016 2017 2018 2019 2020 2021 2022 2023 2024 2025 2026 2027 2028 2029 2030 2031 2032 2033 2034 2035 2036 2037 2038 2039 2040 2041 2042 2043 2044 2045 2046 2047 2048 2049 2050 2051 2052 2053 2054 2055 2056 2057 2058 2059 2060 2061 2062 2063 2064 2065 2066 2067 2068 2069 2070 2071 2072 2073 2074 2075 2076 2077 2078 2079 2080 2081 2082 2083 2084 2085 2086 2087 2088 2089 2090 2091 2092 2093 2094 2095 2096 2097 2098 2099 2100 2101 2102 2103 2104 2105 2106 2107 2108 2109 2110 2111 2112 

The data region after step 2 is
Stripe id: 0
3 6 9 12 15 18 21 24 27 30 33 36 39 42 45 48 51 54 57 60 63 66 69 72 75 78 81 84 87 90 93 96 99 102 105 108 111 114 117 120 123 126 129 132 135 138 141 144 147 150 153 156 159 162 165 168 171 174 177 180 183 186 189 192 195 198 201 204 207 210 213 216 219 222 225 228 231 234 237 240 243 246 249 252 255 258 261 264 267 270 273 276 279 282 285 288 291 294 297 300 303 306 309 312 315 318 321 324 327 330 333 336 339 342 345 348 351 354 357 360 363 366 369 372 375 378 381 384 387 390 393 396 399 402 405 408 411 414 417 420 423 426 429 432 435 438 441 444 447 450 453 456 459 462 465 468 471 474 477 480 483 486 489 492 495 498 501 504 507 510 513 516 519 522 525 528 531 534 537 540 543 546 549 552 555 558 561 564 567 570 573 576 579 582 585 588 591 594 597 600 603 606 609 612 615 618 621 624 627 630 633 636 639 642 645 648 651 654 657 660 663 666 669 672 675 678 681 684 687 690 693 696 699 702 705 708 711 714 717 720 723 726 729 732 735 738 741 744 747 750 753 756 759 762 765 768 771 774 777 780 783 786 789 792 795 798 801 804 807 810 813 816 819 822 825 828 831 834 837 840 843 846 849 852 855 858 861 864 867 870 873 876 879 882 885 888 891 894 897 900 903 906 909 912 915 918 921 924 927 930 933 936 939 942 945 948 951 954 957 960 963 966 969 972 975 978 981 984 987 990 993 996 999 1002 1005 1008 1011 1014 1017 1020 1023 1026 1029 1032 1035 1038 1041 1044 1047 1050 1053 1056 
Stripe id: 1
1059 1062 1065 1068 1071 1074 1077 1080 1083 1086 1089 1092 1095 1098 1101 1104 1107 1110 1113 1116 1119 1122 1125 1128 1131 1134 1137 1140 1143 1146 1149 1152 1155 1158 1161 1164 1167 1170 1173 1176 1179 1182 1185 1188 1191 1194 1197 1200 1203 1206 1209 1212 1215 1218 1221 1224 1227 1230 1233 1236 1239 1242 1245 1248 1251 1254 1257 1260 1263 1266 1269 1272 1275 1278 1281 1284 1287 1290 1293 1296 1299 1302 1305 1308 1311 1314 1317 1320 1323 1326 1329 1332 1335 1338 1341 1344 1347 1350 1353 1356 1359 1362 1365 1368 1371 1374 1377 1380 1383 1386 1389 1392 1395 1398 1401 1404 1407 1410 1413 1416 1419 1422 1425 1428 1431 1434 1437 1440 1443 1446 1449 1452 1455 1458 1461 1464 1467 1470 1473 1476 1479 1482 1485 1488 1491 1494 1497 1500 1503 1506 1509 1512 1515 1518 1521 1524 1527 1530 1533 1536 1539 1542 1545 1548 1551 1554 1557 1560 1563 1566 1569 1572 1575 1578 1581 1584 1587 1590 1593 1596 1599 1602 1605 1608 1611 1614 1617 1620 1623 1626 1629 1632 1635 1638 1641 1644 1647 1650 1653 1656 1659 1662 1665 1668 1671 1674 1677 1680 1683 1686 1689 1692 1695 1698 1701 1704 1707 1710 1713 1716 1719 1722 1725 1728 1731 1734 1737 1740 1743 1746 1749 1752 1755 1758 1761 1764 1767 1770 1773 1776 1779 1782 1785 1788 1791 1794 1797 1800 1803 1806 1809 1812 1815 1818 1821 1824 1827 1830 1833 1836 1839 1842 1845 1848 1851 1854 1857 1860 1863 1866 1869 1872 1875 1878 1881 1884 1887 1890 1893 1896 1899 1902 1905 1908 1911 1914 1917 1920 1923 1926 1929 1932 1935 1938 1941 1944 1947 1950 1953 1956 1959 1962 1965 1968 1971 1974 1977 1980 1983 1986 1989 1992 1995 1998 2001 2004 2007 2010 2013 2016 2019 2022 2025 2028 2031 2034 2037 2040 2043 2046 2049 2052 2055 2058 2061 2064 2067 2070 2073 2076 2079 2082 2085 2088 2091 2094 2097 2100 2103 2106 2109 2112 
Stripe id: 2
2115 2118 2121 2124 2127 2130 2133 2136 2139 2142 2145 2148 2151 2154 2157 2160 2163 2166 2169 2172 2175 2178 2181 2184 2187 2190 2193 2196 2199 2202 2205 2208 2211 2214 2217 2220 2223 2226 2229 2232 2235 2238 2241 2244 2247 2250 2253 2256 2259 2262 2265 2268 2271 2274 2277 2280 2283 2286 2289 2292 2295 2298 2301 2304 2307 2310 2313 2316 2319 2322 2325 2328 2331 2334 2337 2340 2343 2346 2349 2352 2355 2358 2361 2364 2367 2370 2373 2376 2379 2382 2385 2388 2391 2394 2397 2400 2403 2406 2409 2412 2415 2418 2421 2424 2427 2430 2433 2436 2439 2442 2445 2448 2451 2454 2457 2460 2463 2466 2469 2472 2475 2478 2481 2484 2487 2490 2493 2496 2499 2502 2505 2508 2511 2514 2517 2520 2523 2526 2529 2532 2535 2538 2541 2544 2547 2550 2553 2556 2559 2562 2565 2568 2571 2574 2577 2580 2583 2586 2589 2592 2595 2598 2601 2604 2607 2610 2613 2616 2619 2622 2625 2628 2631 2634 2637 2640 2643 2646 2649 2652 2655 2658 2661 2664 2667 2670 2673 2676 2679 2682 2685 2688 2691 2694 2697 2700 2703 2706 2709 2712 2715 2718 2721 2724 2727 2730 2733 2736 2739 2742 2745 2748 2751 2754 2757 2760 2763 2766 2769 2772 2775 2778 2781 2784 2787 2790 2793 2796 2799 2802 2805 2808 2811 2814 2817 2820 2823 2826 2829 2832 2835 2838 2841 2844 2847 2850 2853 2856 2859 2862 2865 2868 2871 2874 2877 2880 2883 2886 2889 2892 2895 2898 2901 2904 2907 2910 2913 2916 2919 2922 2925 2928 2931 2934 2937 2940 2943 2946 2949 2952 2955 2958 2961 2964 2967 2970 2973 2976 2979 2982 2985 2988 2991 2994 2997 3000 3003 3006 3009 3012 3015 3018 3021 3024 3027 3030 3033 3036 3039 3042 3045 3048 3051 3054 3057 3060 3063 3066 3069 3072 3075 3078 3081 3084 3087 3090 3093 3096 3099 3102 3105 3108 3111 3114 3117 3120 3123 3126 3129 3132 3135 3138 3141 3144 3147 3150 3153 3156 3159 3162 3165 3168 
Stripe id: 3
3171 3174 3177 3180 3183 3186 3189 3192 3195 3198 3201 3204 3207 3210 3213 3216 3219 3222 3225 3228 3231 3234 3237 3240 3243 3246 3249 3252 3255 3258 3261 3264 3267 3270 3273 3276 3279 3282 3285 3288 3291 3294 3297 3300 3303 3306 3309 3312 3315 3318 3321 3324 3327 3330 3333 3336 3339 3342 3345 3348 3351 3354 3357 3360 3363 3366 3369 3372 3375 3378 3381 3384 3387 3390 3393 3396 3399 3402 3405 3408 3411 3414 3417 3420 3423 3426 3429 3432 3435 3438 3441 3444 3447 3450 3453 3456 3459 3462 3465 3468 3471 3474 3477 3480 3483 3486 3489 3492 3495 3498 3501 3504 3507 3510 3513 3516 3519 3522 3525 3528 3531 3534 3537 3540 3543 3546 3549 3552 3555 3558 3561 3564 3567 3570 3573 3576 3579 3582 3585 3588 3591 3594 3597 3600 3603 3606 3609 3612 3615 3618 3621 3624 3627 3630 3633 3636 3639 3642 3645 3648 3651 3654 3657 3660 3663 3666 3669 3672 3675 3678 3681 3684 3687 3690 3693 3696 3699 3702 3705 3708 3711 3714 3717 3720 3723 3726 3729 3732 3735 3738 3741 3744 3747 3750 3753 3756 3759 3762 3765 3768 3771 3774 3777 3780 3783 3786 3789 3792 3795 3798 3801 3804 3807 3810 3813 3816 3819 3822 3825 3828 3831 3834 3837 3840 3843 3846 3849 3852 3855 3858 3861 3864 3867 3870 3873 3876 3879 3882 3885 3888 3891 3894 3897 3900 3903 3906 3909 3912 3915 3918 3921 3924 3927 3930 3933 3936 3939 3942 3945 3948 3951 3954 3957 3960 3963 3966 3969 3972 3975 3978 3981 3984 3987 3990 3993 3996 3999 4002 4005 4008 4011 4014 4017 4020 4023 4026 4029 4032 4035 4038 4041 4044 4047 4050 4053 4056 4059 4062 4065 4068 4071 4074 4077 4080 4083 4086 4089 4092 4095 4098 4101 4104 4107 4110 4113 4116 4119 4122 4125 4128 4131 4134 4137 4140 4143 4146 4149 4152 4155 4158 4161 4164 4167 4170 4173 4176 4179 4182 4185 4188 4191 4194 4197 4200 4203 4206 4209 4212 4215 4218 4221 4224 
Stripe id: 4
4227 4230 4233 4236 4239 4242 4245 4248 4251 4254 4257 4260 4263 4266 4269 4272 4275 4278 4281 4284 4287 4290 4293 4296 4299 4302 4305 4308 4311 4314 4317 4320 4323 4326 4329 4332 4335 4338 4341 4344 4347 4350 4353 4356 4359 4362 4365 4368 4371 4374 4377 4380 4383 4386 4389 4392 4395 4398 4401 4404 4407 4410 4413 4416 4419 4422 4425 4428 4431 4434 4437 4440 4443 4446 4449 4452 4455 4458 4461 4464 4467 4470 4473 4476 4479 4482 4485 4488 4491 4494 4497 4500 4503 4506 4509 4512 4515 4518 4521 4524 4527 4530 4533 4536 4539 4542 4545 4548 4551 4554 4557 4560 4563 4566 4569 4572 4575 4578 4581 4584 4587 4590 4593 4596 4599 4602 4605 4608 4611 4614 4617 4620 4623 4626 4629 4632 4635 4638 4641 4644 4647 4650 4653 4656 4659 4662 4665 4668 4671 4674 4677 4680 4683 4686 4689 4692 4695 4698 4701 4704 4707 4710 4713 4716 4719 4722 4725 4728 4731 4734 4737 4740 4743 4746 4749 4752 4755 4758 4761 4764 4767 4770 4773 4776 4779 4782 4785 4788 4791 4794 4797 4800 4803 4806 4809 4812 4815 4818 4821 4824 4827 4830 4833 4836 4839 4842 4845 4848 4851 4854 4857 4860 4863 4866 4869 4872 4875 4878 4881 4884 4887 4890 4893 4896 4899 4902 4905 4908 4911 4914 4917 4920 4923 4926 4929 4932 4935 4938 4941 4944 4947 4950 4953 4956 4959 4962 4965 4968 4971 4974 4977 4980 4983 4986 4989 4992 4995 4998 5001 5004 5007 5010 5013 5016 5019 5022 5025 5028 5031 5034 5037 5040 5043 5046 5049 5052 5055 5058 5061 5064 5067 5070 5073 5076 5079 5082 5085 5088 5091 5094 5097 5100 5103 5106 5109 5112 5115 5118 5121 5124 5127 5130 5133 5136 5139 5142 5145 5148 5151 5154 5157 5160 5163 5166 5169 5172 5175 5178 5181 5184 5187 5190 5193 5196 5199 5202 5205 5208 5211 5214 5217 5220 5223 5226 5229 5232 5235 5238 5241 5244 5247 5250 5253 5256 5259 5262 5265 5268 5271 5274 5277 5280 
Stripe id: 5
5283 5286 5289 5292 5295 5298 5301 5304 5307 5310 5313 5316 5319 5322 5325 5328 5331 5334 5337 5340 5343 5346 5349 5352 5355 5358 5361 5364 5367 5370 5373 5376 5379 5382 5385 5388 5391 5394 5397 5400 5403 5406 5409 5412 5415 5418 5421 5424 5427 5430 5433 5436 5439 5442 5445 5448 5451 5454 5457 5460 5463 5466 5469 5472 5475 5478 5481 5484 5487 5490 5493 5496 5499 5502 5505 5508 5511 5514 5517 5520 5523 5526 5529 5532 5535 5538 5541 5544 5547 5550 5553 5556 5559 5562 5565 5568 5571 5574 5577 5580 5583 5586 5589 5592 5595 5598 5601 5604 5607 5610 5613 5616 5619 5622 5625 5628 5631 5634 5637 5640 5643 5646 5649 5652 5655 5658 5661 5664 5667 5670 5673 5676 5679 5682 5685 5688 5691 5694 5697 5700 5703 5706 5709 5712 5715 5718 5721 5724 5727 5730 5733 5736 5739 5742 5745 5748 5751 5754 5757 5760 5763 5766 5769 5772 5775 5778 5781 5784 5787 5790 5793 5796 5799 5802 5805 5808 5811 5814 5817 5820 5823 5826 5829 5832 5835 5838 5841 5844 5847 5850 5853 5856 5859 5862 5865 5868 5871 5874 5877 5880 5883 5886 5889 5892 5895 5898 5901 5904 5907 5910 5913 5916 5919 5922 5925 5928 5931 5934 5937 5940 5943 5946 5949 5952 5955 5958 5961 5964 5967 5970 5973 5976 5979 5982 5985 5988 5991 5994 5997 6000 6003 6006 6009 6012 6015 6018 6021 6024 6027 6030 6033 6036 6039 6042 6045 6048 6051 6054 6057 6060 6063 6066 6069 6072 6075 6078 6081 6084 6087 6090 6093 6096 6099 6102 6105 6108 6111 6114 6117 6120 6123 6126 6129 6132 6135 6138 6141 6144 6147 6150 6153 6156 6159 6162 6165 6168 6171 6174 6177 6180 6183 6186 6189 6192 6195 6198 6201 6204 6207 6210 6213 6216 6219 6222 6225 6228 6231 6234 6237 6240 6243 6246 6249 6252 6255 6258 6261 6264 6267 6270 6273 6276 6279 6282 6285 6288 6291 6294 6297 6300 6303 6306 6309 6312 6315 6318 6321 6324 6327 6330 6333 6336 

The data region after step 4 is
Stripe id: 0
27 54 81 108 135 162 189 216 243 270 297 324 351 378 405 432 459 486 513 540 567 594 621 648 675 702 729 756 783 810 837 864 891 918 945 972 999 1026 1053 1080 1107 1134 1161 1188 1215 1242 1269 1296 1323 1350 1377 1404 1431 1458 1485 1512 1539 1566 1593 1620 1647 1674 1701 1728 1755 1782 1809 1836 1863 1890 1917 1944 1971 1998 2025 2052 2079 2106 2133 2160 2187 2214 2241 2268 2295 2322 2349 2376 2403 2430 2457 2484 2511 2538 2565 2592 2619 2646 2673 2700 2727 2754 2781 2808 2835 2862 2889 2916 2943 2970 2997 3024 3051 3078 3105 3132 3159 3186 3213 3240 3267 3294 3321 3348 3375 3402 3429 3456 3483 3510 3537 3564 3591 3618 3645 3672 3699 3726 3753 3780 3807 3834 3861 3888 3915 3942 3969 3996 4023 4050 4077 4104 4131 4158 4185 4212 4239 4266 4293 4320 4347 4374 4401 4428 4455 4482 4509 4536 4563 4590 4617 4644 4671 4698 4725 4752 4779 4806 4833 4860 4887 4914 4941 4968 4995 5022 5049 5076 5103 5130 5157 5184 5211 5238 5265 5292 5319 5346 5373 5400 5427 5454 5481 5508 5535 5562 5589 5616 5643 5670 5697 5724 5751 5778 5805 5832 5859 5886 5913 5940 5967 5994 6021 6048 6075 6102 6129 6156 6183 6210 6237 6264 6291 6318 6345 6372 6399 6426 6453 6480 6507 6534 6561 6588 6615 6642 6669 6696 6723 6750 6777 6804 6831 6858 6885 6912 6939 6966 6993 7020 7047 7074 7101 7128 7155 7182 7209 7236 7263 7290 7317 7344 7371 7398 7425 7452 7479 7506 7533 7560 7587 7614 7641 7668 7695 7722 7749 7776 7803 7830 7857 7884 7911 7938 7965 7992 8019 8046 8073 8100 8127 8154 8181 8208 8235 8262 8289 8316 8343 8370 8397 8424 8451 8478 8505 8532 8559 8586 8613 8640 8667 8694 8721 8748 8775 8802 8829 8856 8883 8910 8937 8964 8991 9018 9045 9072 9099 9126 9153 9180 9207 9234 9261 9288 9315 9342 9369 9396 9423 9450 9477 9504 
Stripe id: 1
9531 9558 9585 9612 9639 9666 9693 9720 9747 9774 9801 9828 9855 9882 9909 9936 9963 9990 10017 10044 10071 10098 10125 10152 10179 10206 10233 10260 10287 10314 10341 10368 10395 10422 10449 10476 10503 10530 10557 10584 10611 10638 10665 10692 10719 10746 10773 10800 10827 10854 10881 10908 10935 10962 10989 11016 11043 11070 11097 11124 11151 11178 11205 11232 11259 11286 11313 11340 11367 11394 11421 11448 11475 11502 11529 11556 11583 11610 11637 11664 11691 11718 11745 11772 11799 11826 11853 11880 11907 11934 11961 11988 12015 12042 12069 12096 12123 12150 12177 12204 12231 12258 12285 12312 12339 12366 12393 12420 12447 12474 12501 12528 12555 12582 12609 12636 12663 12690 12717 12744 12771 12798 12825 12852 12879 12906 12933 12960 12987 13014 13041 13068 13095 13122 13149 13176 13203 13230 13257 13284 13311 13338 13365 13392 13419 13446 13473 13500 13527 13554 13581 13608 13635 13662 13689 13716 13743 13770 13797 13824 13851 13878 13905 13932 13959 13986 14013 14040 14067 14094 14121 14148 14175 14202 14229 14256 14283 14310 14337 14364 14391 14418 14445 14472 14499 14526 14553 14580 14607 14634 14661 14688 14715 14742 14769 14796 14823 14850 14877 14904 14931 14958 14985 15012 15039 15066 15093 15120 15147 15174 15201 15228 15255 15282 15309 15336 15363 15390 15417 15444 15471 15498 15525 15552 15579 15606 15633 15660 15687 15714 15741 15768 15795 15822 15849 15876 15903 15930 15957 15984 16011 16038 16065 16092 16119 16146 16173 16200 16227 16254 16281 16308 16335 16362 16389 16416 16443 16470 16497 16524 16551 16578 16605 16632 16659 16686 16713 16740 16767 16794 16821 16848 16875 16902 16929 16956 16983 17010 17037 17064 17091 17118 17145 17172 17199 17226 17253 17280 17307 17334 17361 17388 17415 17442 17469 17496 17523 17550 17577 17604 17631 17658 17685 17712 17739 17766 17793 17820 17847 17874 17901 17928 17955 17982 18009 18036 18063 18090 18117 18144 18171 18198 18225 18252 18279 18306 18333 18360 18387 18414 18441 18468 18495 18522 18549 18576 18603 18630 18657 18684 18711 18738 18765 18792 18819 18846 18873 18900 18927 18954 18981 19008 
Stripe id: 2
19035 19062 19089 19116 19143 19170 19197 19224 19251 19278 19305 19332 19359 19386 19413 19440 19467 19494 19521 19548 19575 19602 19629 19656 19683 19710 19737 19764 19791 19818 19845 19872 19899 19926 19953 19980 20007 20034 20061 20088 20115 20142 20169 20196 20223 20250 20277 20304 20331 20358 20385 20412 20439 20466 20493 20520 20547 20574 20601 20628 20655 20682 20709 20736 20763 20790 20817 20844 20871 20898 20925 20952 20979 21006 21033 21060 21087 21114 21141 21168 21195 21222 21249 21276 21303 21330 21357 21384 21411 21438 21465 21492 21519 21546 21573 21600 21627 21654 21681 21708 21735 21762 21789 21816 21843 21870 21897 21924 21951 21978 22005 22032 22059 22086 22113 22140 22167 22194 22221 22248 22275 22302 22329 22356 22383 22410 22437 22464 22491 22518 22545 22572 22599 22626 22653 22680 22707 22734 22761 22788 22815 22842 22869 22896 22923 22950 22977 23004 23031 23058 23085 23112 23139 23166 23193 23220 23247 23274 23301 23328 23355 23382 23409 23436 23463 23490 23517 23544 23571 23598 23625 23652 23679 23706 23733 23760 23787 23814 23841 23868 23895 23922 23949 23976 24003 24030 24057 24084 24111 24138 24165 24192 24219 24246 24273 24300 24327 24354 24381 24408 24435 24462 24489 24516 24543 24570 24597 24624 24651 24678 24705 24732 24759 24786 24813 24840 24867 24894 24921 24948 24975 25002 25029 25056 25083 25110 25137 25164 25191 25218 25245 25272 25299 25326 25353 25380 25407 25434 25461 25488 25515 25542 25569 25596 25623 25650 25677 25704 25731 25758 25785 25812 25839 25866 25893 25920 25947 25974 26001 26028 26055 26082 26109 26136 26163 26190 26217 26244 26271 26298 26325 26352 26379 26406 26433 26460 26487 26514 26541 26568 26595 26622 26649 26676 26703 26730 26757 26784 26811 26838 26865 26892 26919 26946 26973 27000 27027 27054 27081 27108 27135 27162 27189 27216 27243 27270 27297 27324 27351 27378 27405 27432 27459 27486 27513 27540 27567 27594 27621 27648 27675 27702 27729 27756 27783 27810 27837 27864 27891 27918 27945 27972 27999 28026 28053 28080 28107 28134 28161 28188 28215 28242 28269 28296 28323 28350 28377 28404 28431 28458 28485 28512 
Stripe id: 3
28539 28566 28593 28620 28647 28674 28701 28728 28755 28782 28809 28836 28863 28890 28917 28944 28971 28998 29025 29052 29079 29106 29133 29160 29187 29214 29241 29268 29295 29322 29349 29376 29403 29430 29457 29484 29511 29538 29565 29592 29619 29646 29673 29700 29727 29754 29781 29808 29835 29862 29889 29916 29943 29970 29997 30024 30051 30078 30105 30132 30159 30186 30213 30240 30267 30294 30321 30348 30375 30402 30429 30456 30483 30510 30537 30564 30591 30618 30645 30672 30699 30726 30753 30780 30807 30834 30861 30888 30915 30942 30969 30996 31023 31050 31077 31104 31131 31158 31185 31212 31239 31266 31293 31320 31347 31374 31401 31428 31455 31482 31509 31536 31563 31590 31617 31644 31671 31698 31725 31752 31779 31806 31833 31860 31887 31914 31941 31968 31995 32022 32049 32076 32103 32130 32157 32184 32211 32238 32265 32292 32319 32346 32373 32400 32427 32454 32481 32508 32535 32562 32589 32616 32643 32670 32697 32724 32751 32778 32805 32832 32859 32886 32913 32940 32967 32994 33021 33048 33075 33102 33129 33156 33183 33210 33237 33264 33291 33318 33345 33372 33399 33426 33453 33480 33507 33534 33561 33588 33615 33642 33669 33696 33723 33750 33777 33804 33831 33858 33885 33912 33939 33966 33993 34020 34047 34074 34101 34128 34155 34182 34209 34236 34263 34290 34317 34344 34371 34398 34425 34452 34479 34506 34533 34560 34587 34614 34641 34668 34695 34722 34749 34776 34803 34830 34857 34884 34911 34938 34965 34992 35019 35046 35073 35100 35127 35154 35181 35208 35235 35262 35289 35316 35343 35370 35397 35424 35451 35478 35505 35532 35559 35586 35613 35640 35667 35694 35721 35748 35775 35802 35829 35856 35883 35910 35937 35964 35991 36018 36045 36072 36099 36126 36153 36180 36207 36234 36261 36288 36315 36342 36369 36396 36423 36450 36477 36504 36531 36558 36585 36612 36639 36666 36693 36720 36747 36774 36801 36828 36855 36882 36909 36936 36963 36990 37017 37044 37071 37098 37125 37152 37179 37206 37233 37260 37287 37314 37341 37368 37395 37422 37449 37476 37503 37530 37557 37584 37611 37638 37665 37692 37719 37746 37773 37800 37827 37854 37881 37908 37935 37962 37989 38016 
Stripe id: 4
38043 38070 38097 38124 38151 38178 38205 38232 38259 38286 38313 38340 38367 38394 38421 38448 38475 38502 38529 38556 38583 38610 38637 38664 38691 38718 38745 38772 38799 38826 38853 38880 38907 38934 38961 38988 39015 39042 39069 39096 39123 39150 39177 39204 39231 39258 39285 39312 39339 39366 39393 39420 39447 39474 39501 39528 39555 39582 39609 39636 39663 39690 39717 39744 39771 39798 39825 39852 39879 39906 39933 39960 39987 40014 40041 40068 40095 40122 40149 40176 40203 40230 40257 40284 40311 40338 40365 40392 40419 40446 40473 40500 40527 40554 40581 40608 40635 40662 40689 40716 40743 40770 40797 40824 40851 40878 40905 40932 40959 40986 41013 41040 41067 41094 41121 41148 41175 41202 41229 41256 41283 41310 41337 41364 41391 41418 41445 41472 41499 41526 41553 41580 41607 41634 41661 41688 41715 41742 41769 41796 41823 41850 41877 41904 41931 41958 41985 42012 42039 42066 42093 42120 42147 42174 42201 42228 42255 42282 42309 42336 42363 42390 42417 42444 42471 42498 42525 42552 42579 42606 42633 42660 42687 42714 42741 42768 42795 42822 42849 42876 42903 42930 42957 42984 43011 43038 43065 43092 43119 43146 43173 43200 43227 43254 43281 43308 43335 43362 43389 43416 43443 43470 43497 43524 43551 43578 43605 43632 43659 43686 43713 43740 43767 43794 43821 43848 43875 43902 43929 43956 43983 44010 44037 44064 44091 44118 44145 44172 44199 44226 44253 44280 44307 44334 44361 44388 44415 44442 44469 44496 44523 44550 44577 44604 44631 44658 44685 44712 44739 44766 44793 44820 44847 44874 44901 44928 44955 44982 45009 45036 45063 45090 45117 45144 45171 45198 45225 45252 45279 45306 45333 45360 45387 45414 45441 45468 45495 45522 45549 45576 45603 45630 45657 45684 45711 45738 45765 45792 45819 45846 45873 45900 45927 45954 45981 46008 46035 46062 46089 46116 46143 46170 46197 46224 46251 46278 46305 46332 46359 46386 46413 46440 46467 46494 46521 46548 46575 46602 46629 46656 46683 46710 46737 46764 46791 46818 46845 46872 46899 46926 46953 46980 47007 47034 47061 47088 47115 47142 47169 47196 47223 47250 47277 47304 47331 47358 47385 47412 47439 47466 47493 47520 
Stripe id: 5
47547 47574 47601 47628 47655 47682 47709 47736 47763 47790 47817 47844 47871 47898 47925 47952 47979 48006 48033 48060 48087 48114 48141 48168 48195 48222 48249 48276 48303 48330 48357 48384 48411 48438 48465 48492 48519 48546 48573 48600 48627 48654 48681 48708 48735 48762 48789 48816 48843 48870 48897 48924 48951 48978 49005 49032 49059 49086 49113 49140 49167 49194 49221 49248 49275 49302 49329 49356 49383 49410 49437 49464 49491 49518 49545 49572 49599 49626 49653 49680 49707 49734 49761 49788 49815 49842 49869 49896 49923 49950 49977 50004 50031 50058 50085 50112 50139 50166 50193 50220 50247 50274 50301 50328 50355 50382 50409 50436 50463 50490 50517 50544 50571 50598 50625 50652 50679 50706 50733 50760 50787 50814 50841 50868 50895 50922 50949 50976 51003 51030 51057 51084 51111 51138 51165 51192 51219 51246 51273 51300 51327 51354 51381 51408 51435 51462 51489 51516 51543 51570 51597 51624 51651 51678 51705 51732 51759 51786 51813 51840 51867 51894 51921 51948 51975 52002 52029 52056 52083 52110 52137 52164 52191 52218 52245 52272 52299 52326 52353 52380 52407 52434 52461 52488 52515 52542 52569 52596 52623 52650 52677 52704 52731 52758 52785 52812 52839 52866 52893 52920 52947 52974 53001 53028 53055 53082 53109 53136 53163 53190 53217 53244 53271 53298 53325 53352 53379 53406 53433 53460 53487 53514 53541 53568 53595 53622 53649 53676 53703 53730 53757 53784 53811 53838 53865 53892 53919 53946 53973 54000 54027 54054 54081 54108 54135 54162 54189 54216 54243 54270 54297 54324 54351 54378 54405 54432 54459 54486 54513 54540 54567 54594 54621 54648 54675 54702 54729 54756 54783 54810 54837 54864 54891 54918 54945 54972 54999 55026 55053 55080 55107 55134 55161 55188 55215 55242 55269 55296 55323 55350 55377 55404 55431 55458 55485 55512 55539 55566 55593 55620 55647 55674 55701 55728 55755 55782 55809 55836 55863 55890 55917 55944 55971 55998 56025 56052 56079 56106 56133 56160 56187 56214 56241 56268 56295 56322 56349 56376 56403 56430 56457 56484 56511 56538 56565 56592 56619 56646 56673 56700 56727 56754 56781 56808 56835 56862 56889 56916 56943 56970 56997 57024 

The data region after step 6 is
Stripe id: 0
243 486 729 972 1215 1458 1701 1944 2187 2430 2673 2916 3159 3402 3645 3888 4131 4374 4617 4860 5103 5346 5589 5832 6075 6318 6561 6804 7047 7290 7533 7776 8019 8262 8505 8748 8991 9234 9477 9720 9963 10206 10449 10692 10935 11178 11421 11664 11907 12150 12393 12636 12879 13122 13365 13608 13851 14094 14337 14580 14823 15066 15309 15552 15795 16038 16281 16524 16767 17010 17253 17496 17739 17982 18225 18468 18711 18954 19197 19440 19683 19926 20169 20412 20655 20898 21141 21384 21627 21870 22113 22356 22599 22842 23085 23328 23571 23814 24057 24300 24543 24786 25029 25272 25515 25758 26001 26244 26487 26730 26973 27216 27459 27702 27945 28188 28431 28674 28917 29160 29403 29646 29889 30132 30375 30618 30861 31104 31347 31590 31833 32076 32319 32562 32805 33048 33291 33534 33777 34020 34263 34506 34749 34992 35235 35478 35721 35964 36207 36450 36693 36936 37179 37422 37665 37908 38151 38394 38637 38880 39123 39366 39609 39852 40095 40338 40581 40824 41067 41310 41553 41796 42039 42282 42525 42768 43011 43254 43497 43740 43983 44226 44469 44712 44955 45198 45441 45684 45927 46170 46413 46656 46899 47142 47385 47628 47871 48114 48357 48600 48843 49086 49329 49572 49815 50058 50301 50544 50787 51030 51273 51516 51759 52002 52245 52488 52731 52974 53217 53460 53703 53946 54189 54432 54675 54918 55161 55404 55647 55890 56133 56376 56619 56862 57105 57348 57591 57834 58077 58320 58563 58806 59049 59292 59535 59778 60021 60264 60507 60750 60993 61236 61479 61722 61965 62208 62451 62694 62937 63180 63423 63666 63909 64152 64395 64638 64881 65124 65367 65610 65853 66096 66339 66582 66825 67068 67311 67554 67797 68040 68283 68526 68769 69012 69255 69498 69741 69984 70227 70470 70713 70956 71199 71442 71685 71928 72171 72414 72657 72900 73143 73386 73629 73872 74115 74358 74601 74844 75087 75330 75573 75816 76059 76302 76545 76788 77031 77274 77517 77760 78003 78246 78489 78732 78975 79218 79461 79704 79947 80190 80433 80676 80919 81162 81405 81648 81891 82134 82377 82620 82863 83106 83349 83592 83835 84078 84321 84564 84807 85050 85293 85536 
Stripe id: 1
85779 86022 86265 86508 86751 86994 87237 87480 87723 87966 88209 88452 88695 88938 89181 89424 89667 89910 90153 90396 90639 90882 91125 91368 91611 91854 92097 92340 92583 92826 93069 93312 93555 93798 94041 94284 94527 94770 95013 95256 95499 95742 95985 96228 96471 96714 96957 97200 97443 97686 97929 98172 98415 98658 98901 99144 99387 99630 99873 100116 100359 100602 100845 101088 101331 101574 101817 102060 102303 102546 102789 103032 103275 103518 103761 104004 104247 104490 104733 104976 105219 105462 105705 105948 106191 106434 106677 106920 107163 107406 107649 107892 108135 108378 108621 108864 109107 109350 109593 109836 110079 110322 110565 110808 111051 111294 111537 111780 112023 112266 112509 112752 112995 113238 113481 113724 113967 114210 114453 114696 114939 115182 115425 115668 115911 116154 116397 116640 116883 117126 117369 117612 117855 118098 118341 118584 118827 119070 119313 119556 119799 120042 120285 120528 120771 121014 121257 121500 121743 121986 122229 122472 122715 122958 123201 123444 123687 123930 124173 124416 124659 124902 125145 125388 125631 125874 126117 126360 126603 126846 127089 127332 127575 127818 128061 128304 128547 128790 129033 129276 129519 129762 130005 130248 130491 130734 130977 131220 131463 131706 131949 132192 132435 132678 132921 133164 133407 133650 133893 134136 134379 134622 134865 135108 135351 135594 135837 136080 136323 136566 136809 137052 137295 137538 137781 138024 138267 138510 138753 138996 139239 139482 139725 139968 140211 140454 140697 140940 141183 141426 141669 141912 142155 142398 142641 142884 143127 143370 143613 143856 144099 144342 144585 144828 145071 145314 145557 145800 146043 146286 146529 146772 147015 147258 147501 147744 147987 148230 148473 148716 148959 149202 149445 149688 149931 150174 150417 150660 150903 151146 151389 151632 151875 152118 152361 152604 152847 153090 153333 153576 153819 154062 154305 154548 154791 155034 155277 155520 155763 156006 156249 156492 156735 156978 157221 157464 157707 157950 158193 158436 158679 158922 159165 159408 159651 159894 160137 160380 160623 160866 161109 161352 161595 161838 162081 162324 162567 162810 163053 163296 163539 163782 164025 164268 164511 164754 164997 165240 165483 165726 165969 166212 166455 166698 166941 167184 167427 167670 167913 168156 168399 168642 168885 169128 169371 169614 169857 170100 170343 170586 170829 171072 
Stripe id: 2
171315 171558 171801 172044 172287 172530 172773 173016 173259 173502 173745 173988 174231 174474 174717 174960 175203 175446 175689 175932 176175 176418 176661 176904 177147 177390 177633 177876 178119 178362 178605 178848 179091 179334 179577 179820 180063 180306 180549 180792 181035 181278 181521 181764 182007 182250 182493 182736 182979 183222 183465 183708 183951 184194 184437 184680 184923 185166 185409 185652 185895 186138 186381 186624 186867 187110 187353 187596 187839 188082 188325 188568 188811 189054 189297 189540 189783 190026 190269 190512 190755 190998 191241 191484 191727 191970 192213 192456 192699 192942 193185 193428 193671 193914 194157 194400 194643 194886 195129 195372 195615 195858 196101 196344 196587 196830 197073 197316 197559 197802 198045 198288 198531 198774 199017 199260 199503 199746 199989 200232 200475 200718 200961 201204 201447 201690 201933 202176 202419 202662 202905 203148 203391 203634 203877 204120 204363 204606 204849 205092 205335 205578 205821 206064 206307 206550 206793 207036 207279 207522 207765 208008 208251 208494 208737 208980 209223 209466 209709 209952 210195 210438 210681 210924 211167 211410 211653 211896 212139 212382 212625 212868 213111 213354 213597 213840 214083 214326 214569 214812 215055 215298 215541 215784 216027 216270 216513 216756 216999 217242 217485 217728 217971 218214 218457 218700 218943 219186 219429 219672 219915 220158 220401 220644 220887 221130 221373 221616 221859 222102 222345 222588 222831 223074 223317 223560 223803 224046 224289 224532 224775 225018 225261 225504 225747 225990 226233 226476 226719 226962 227205 227448 227691 227934 228177 228420 228663 228906 229149 229392 229635 229878 230121 230364 230607 230850 231093 231336 231579 231822 232065 232308 232551 232794 233037 233280 233523 233766 234009 234252 234495 234738 234981 235224 235467 235710 235953 236196 236439 236682 236925 237168 237411 237654 237897 238140 238383 238626 238869 239112 239355 239598 239841 240084 240327 240570 240813 241056 241299 241542 241785 242028 242271 242514 242757 243000 243243 243486 243729 243972 244215 244458 244701 244944 245187 245430 245673 245916 246159 246402 246645 246888 247131 247374 247617 247860 248103 248346 248589 248832 249075 249318 249561 249804 250047 250290 250533 250776 251019 251262 251505 251748 251991 252234 252477 252720 252963 253206 253449 253692 253935 254178 254421 254664 254907 255150 255393 255636 255879 256122 256365 256608 
Stripe id: 3
256851 257094 257337 257580 257823 258066 258309 258552 258795 259038 259281 259524 259767 260010 260253 260496 260739 260982 261225 261468 261711 261954 262197 262440 262683 262926 263169 263412 263655 263898 264141 264384 264627 264870 265113 265356 265599 265842 266085 266328 266571 266814 267057 267300 267543 267786 268029 268272 268515 268758 269001 269244 269487 269730 269973 270216 270459 270702 270945 271188 271431 271674 271917 272160 272403 272646 272889 273132 273375 273618 273861 274104 274347 274590 274833 275076 275319 275562 275805 276048 276291 276534 276777 277020 277263 277506 277749 277992 278235 278478 278721 278964 279207 279450 279693 279936 280179 280422 280665 280908 281151 281394 281637 281880 282123 282366 282609 282852 283095 283338 283581 283824 284067 284310 284553 284796 285039 285282 285525 285768 286011 286254 286497 286740 286983 287226 287469 287712 287955 288198 288441 288684 288927 289170 289413 289656 289899 290142 290385 290628 290871 291114 291357 291600 291843 292086 292329 292572 292815 293058 293301 293544 293787 294030 294273 294516 294759 295002 295245 295488 295731 295974 296217 296460 296703 296946 297189 297432 297675 297918 298161 298404 298647 298890 299133 299376 299619 299862 300105 300348 300591 300834 301077 301320 301563 301806 302049 302292 302535 302778 303021 303264 303507 303750 303993 304236 304479 304722 304965 305208 305451 305694 305937 306180 306423 306666 306909 307152 307395 307638 307881 308124 308367 308610 308853 309096 309339 309582 309825 310068 310311 310554 310797 311040 311283 311526 311769 312012 312255 312498 312741 312984 313227 313470 313713 313956 314199 314442 314685 314928 315171 315414 315657 315900 316143 316386 316629 316872 317115 317358 317601 317844 318087 318330 318573 318816 319059 319302 319545 319788 320031 320274 320517 320760 321003 321246 321489 321732 321975 322218 322461 322704 322947 323190 323433 323676 323919 324162 324405 324648 324891 325134 325377 325620 325863 326106 326349 326592 326835 327078 327321 327564 327807 328050 328293 328536 328779 329022 329265 329508 329751 329994 330237 330480 330723 330966 331209 331452 331695 331938 332181 332424 332667 332910 333153 333396 333639 333882 334125 334368 334611 334854 335097 335340 335583 335826 336069 336312 336555 336798 337041 337284 337527 337770 338013 338256 338499 338742 338985 339228 339471 339714 339957 340200 340443 340686 340929 341172 341415 341658 341901 342144 
Stripe id: 4
342387 342630 342873 343116 343359 343602 343845 344088 344331 344574 344817 345060 345303 345546 345789 346032 346275 346518 346761 347004 347247 347490 347733 347976 348219 348462 348705 348948 349191 349434 349677 349920 350163 350406 350649 350892 351135 351378 351621 351864 352107 352350 352593 352836 353079 353322 353565 353808 354051 354294 354537 354780 355023 355266 355509 355752 355995 356238 356481 356724 356967 357210 357453 357696 357939 358182 358425 358668 358911 359154 359397 359640 359883 360126 360369 360612 360855 361098 361341 361584 361827 362070 362313 362556 362799 363042 363285 363528 363771 364014 364257 364500 364743 364986 365229 365472 365715 365958 366201 366444 366687 366930 367173 367416 367659 367902 368145 368388 368631 368874 369117 369360 369603 369846 370089 370332 370575 370818 371061 371304 371547 371790 372033 372276 372519 372762 373005 373248 373491 373734 373977 374220 374463 374706 374949 375192 375435 375678 375921 376164 376407 376650 376893 377136 377379 377622 377865 378108 378351 378594 378837 379080 379323 379566 379809 380052 380295 380538 380781 381024 381267 381510 381753 381996 382239 382482 382725 382968 383211 383454 383697 383940 384183 384426 384669 384912 385155 385398 385641 385884 386127 386370 386613 386856 387099 387342 387585 387828 388071 388314 388557 388800 389043 389286 389529 389772 390015 390258 390501 390744 390987 391230 391473 391716 391959 392202 392445 392688 392931 393174 393417 393660 393903 394146 394389 394632 394875 395118 395361 395604 395847 396090 396333 396576 396819 397062 397305 397548 397791 398034 398277 398520 398763 399006 399249 399492 399735 399978 400221 400464 400707 400950 401193 401436 401679 401922 402165 402408 402651 402894 403137 403380 403623 403866 404109 404352 404595 404838 405081 405324 405567 405810 406053 406296 406539 406782 407025 407268 407511 407754 407997 408240 408483 408726 408969 409212 409455 409698 409941 410184 410427 410670 410913 411156 411399 411642 411885 412128 412371 412614 412857 413100 413343 413586 413829 414072 414315 414558 414801 415044 415287 415530 415773 416016 416259 416502 416745 416988 417231 417474 417717 417960 418203 418446 418689 418932 419175 419418 419661 419904 420147 420390 420633 420876 421119 421362 421605 421848 422091 422334 422577 422820 423063 423306 423549 423792 424035 424278 424521 424764 425007 425250 425493 425736 425979 426222 426465 426708 426951 427194 427437 427680 
Stripe id: 5
427923 428166 428409 428652 428895 429138 429381 429624 429867 430110 430353 430596 430839 431082 431325 431568 431811 432054 432297 432540 432783 433026 433269 433512 433755 433998 434241 434484 434727 434970 435213 435456 435699 435942 436185 436428 436671 436914 437157 437400 437643 437886 438129 438372 438615 438858 439101 439344 439587 439830 440073 440316 440559 440802 441045 441288 441531 441774 442017 442260 442503 442746 442989 443232 443475 443718 443961 444204 444447 444690 444933 445176 445419 445662 445905 446148 446391 446634 446877 447120 447363 447606 447849 448092 448335 448578 448821 449064 449307 449550 449793 450036 450279 450522 450765 451008 451251 451494 451737 451980 452223 452466 452709 452952 453195 453438 453681 453924 454167 454410 454653 454896 455139 455382 455625 455868 456111 456354 456597 456840 457083 457326 457569 457812 458055 458298 458541 458784 459027 459270 459513 459756 459999 460242 460485 460728 460971 461214 461457 461700 461943 462186 462429 462672 462915 463158 463401 463644 463887 464130 464373 464616 464859 465102 465345 465588 465831 466074 466317 466560 466803 467046 467289 467532 467775 468018 468261 468504 468747 468990 469233 469476 469719 469962 470205 470448 470691 470934 471177 471420 471663 471906 472149 472392 472635 472878 473121 473364 473607 473850 474093 474336 474579 474822 475065 475308 475551 475794 476037 476280 476523 476766 477009 477252 477495 477738 477981 478224 478467 478710 478953 479196 479439 479682 479925 480168 480411 480654 480897 481140 481383 481626 481869 482112 482355 482598 482841 483084 483327 483570 483813 484056 484299 484542 484785 485028 485271 485514 485757 486000 486243 486486 486729 486972 487215 487458 487701 487944 488187 488430 488673 488916 489159 489402 489645 489888 490131 490374 490617 490860 491103 491346 491589 491832 492075 492318 492561 492804 493047 493290 493533 493776 494019 494262 494505 494748 494991 495234 495477 495720 495963 496206 496449 496692 496935 497178 497421 497664 497907 498150 498393 498636 498879 499122 499365 499608 499851 500094 500337 500580 500823 501066 501309 501552 501795 502038 502281 502524 502767 503010 503253 503496 503739 503982 504225 504468 504711 504954 505197 505440 505683 505926 506169 506412 506655 506898 507141 507384 507627 507870 508113 508356 508599 508842 509085 509328 509571 509814 510057 510300 510543 510786 511029 511272 511515 511758 512001 512244 512487 512730 512973 513216 

The data region after step 8 is
Stripe id: 0
0 0 0 0 0 0 0 0 0 0 0 0 0 0 0 0 0 0 0 0 0 0 0 0 0 0 0 0 0 0 0 0 0 0 0 0 0 0 0 0 0 0 0 0 0 0 0 0 0 0 0 0 0 0 0 0 0 0 0 0 0 0 0 0 0 0 0 0 0 0 0 0 0 0 0 0 0 0 0 0 0 0 0 0 0 0 0 0 0 0 0 0 0 0 0 0 0 0 0 0 0 0 0 0 0 0 0 0 0 0 0 0 0 0 0 0 0 0 0 0 0 0 0 0 0 0 0 0 0 0 0 0 0 0 0 0 0 0 0 0 0 0 0 0 0 0 0 0 0 0 0 0 0 0 0 0 0 0 0 0 0 0 0 0 0 0 0 0 0 0 0 0 0 0 0 0 0 0 0 0 0 0 0 0 0 0 0 0 0 0 0 0 0 0 0 0 0 0 0 0 0 0 0 0 0 0 0 0 0 0 0 0 0 0 0 0 0 0 0 0 0 0 0 0 0 0 0 0 0 0 0 0 0 0 0 0 0 0 0 0 0 0 0 0 0 0 0 0 0 0 0 0 0 0 0 0 0 0 0 0 0 0 0 0 0 0 0 0 0 0 0 0 0 0 0 0 0 0 0 0 0 0 0 0 0 0 0 0 0 0 0 0 0 0 0 0 0 0 0 0 0 0 0 0 0 0 0 0 0 0 0 0 0 0 0 0 0 0 0 0 0 0 0 0 0 0 0 0 0 0 0 0 0 0 0 0 0 0 0 0 0 0 0 0 0 0 0 0 0 0 0 0 
Stripe id: 1
1 1 1 1 1 1 1 1 1 1 1 1 1 1 1 1 1 1 1 1 1 1 1 1 1 1 1 1 1 1 1 1 1 1 1 1 1 1 1 1 1 1 1 1 1 1 1 1 1 1 1 1 1 1 1 1 1 1 1 1 1 1 1 1 1 1 1 1 1 1 1 1 1 1 1 1 1 1 1 1 1 1 1 1 1 1 1 1 1 1 1 1 1 1 1 1 1 1 1 1 1 1 1 1 1 1 1 1 1 1 1 1 1 1 1 1 1 1 1 1 1 1 1 1 1 1 1 1 1 1 1 1 1 1 1 1 1 1 1 1 1 1 1 1 1 1 1 1 1 1 1 1 1 1 1 1 1 1 1 1 1 1 1 1 1 1 1 1 1 1 1 1 1 1 1 1 1 1 1 1 1 1 1 1 1 1 1 1 1 1 1 1 1 1 1 1 1 1 1 1 1 1 1 1 1 1 1 1 1 1 1 1 1 1 1 1 1 1 1 1 1 1 1 1 1 1 1 1 1 1 1 1 1 1 1 1 1 1 1 1 1 1 1 1 1 1 1 1 1 1 1 1 1 1 1 1 1 1 1 1 1 1 1 1 1 1 1 1 1 1 1 1 1 1 1 1 1 1 1 1 1 1 1 1 1 1 1 1 1 1 1 1 1 1 1 1 1 1 1 1 1 1 1 1 1 1 1 1 1 1 1 1 1 1 1 1 1 1 1 1 1 1 1 1 1 1 1 1 1 1 1 1 1 1 1 1 1 1 1 1 1 1 1 1 1 1 1 1 1 1 1 1 
Stripe id: 2
1 2 2 2 2 2 2 2 2 2 2 2 2 2 2 2 2 2 2 2 2 2 2 2 2 2 2 2 2 2 2 2 2 2 2 2 2 2 2 2 2 2 2 2 2 2 2 2 2 2 2 2 2 2 2 2 2 2 2 2 2 2 2 2 2 2 2 2 2 2 2 2 2 2 2 2 2 2 2 2 2 2 2 2 2 2 2 2 2 2 2 2 2 2 2 2 2 2 2 2 2 2 2 2 2 2 2 2 2 2 2 2 2 2 2 2 2 2 2 2 2 2 2 2 2 2 2 2 2 2 2 2 2 2 2 2 2 2 2 2 2 2 2 2 2 2 2 2 2 2 2 2 2 2 2 2 2 2 2 2 2 2 2 2 2 2 2 2 2 2 2 2 2 2 2 2 2 2 2 2 2 2 2 2 2 2 2 2 2 2 2 2 2 2 2 2 2 2 2 2 2 2 2 2 2 2 2 2 2 2 2 2 2 2 2 2 2 2 2 2 2 2 2 2 2 2 2 2 2 2 2 2 2 2 2 2 2 2 2 2 2 2 2 2 2 2 2 2 2 2 2 2 2 2 2 2 2 2 2 2 2 2 2 2 2 2 2 2 2 2 2 2 2 2 2 2 2 2 2 2 2 2 2 2 2 2 2 2 2 2 2 2 2 2 2 2 2 2 2 2 2 2 2 2 2 2 2 2 2 2 2 2 2 2 2 2 2 2 2 2 2 2 2 2 2 2 2 2 2 2 2 2 2 2 2 2 2 2 2 2 2 2 2 2 2 2 2 2 2 2 2 2 
Stripe id: 3
2 2 3 3 3 3 3 3 3 3 3 3 3 3 3 3 3 3 3 3 3 3 3 3 3 3 3 3 3 3 3 3 3 3 3 3 3 3 3 3 3 3 3 3 3 3 3 3 3 3 3 3 3 3 3 3 3 3 3 3 3 3 3 3 3 3 3 3 3 3 3 3 3 3 3 3 3 3 3 3 3 3 3 3 3 3 3 3 3 3 3 3 3 3 3 3 3 3 3 3 3 3 3 3 3 3 3 3 3 3 3 3 3 3 3 3 3 3 3 3 3 3 3 3 3 3 3 3 3 3 3 3 3 3 3 3 3 3 3 3 3 3 3 3 3 3 3 3 3 3 3 3 3 3 3 3 3 3 3 3 3 3 3 3 3 3 3 3 3 3 3 3 3 3 3 3 3 3 3 3 3 3 3 3 3 3 3 3 3 3 3 3 3 3 3 3 3 3 3 3 3 3 3 3 3 3 3 3 3 3 3 3 3 3 3 3 3 3 3 3 3 3 3 3 3 3 3 3 3 3 3 3 3 3 3 3 3 3 3 3 3 3 3 3 3 3 3 3 3 3 3 3 3 3 3 3 3 3 3 3 3 3 3 3 3 3 3 3 3 3 3 3 3 3 3 3 3 3 3 3 3 3 3 3 3 3 3 3 3 3 3 3 3 3 3 3 3 3 3 3 3 3 3 3 3 3 3 3 3 3 3 3 3 3 3 3 3 3 3 3 3 3 3 3 3 3 3 3 3 3 3 3 3 3 3 3 3 3 3 3 3 3 3 3 3 3 3 3 3 3 3 3 
Stripe id: 4
3 3 3 4 4 4 4 4 4 4 4 4 4 4 4 4 4 4 4 4 4 4 4 4 4 4 4 4 4 4 4 4 4 4 4 4 4 4 4 4 4 4 4 4 4 4 4 4 4 4 4 4 4 4 4 4 4 4 4 4 4 4 4 4 4 4 4 4 4 4 4 4 4 4 4 4 4 4 4 4 4 4 4 4 4 4 4 4 4 4 4 4 4 4 4 4 4 4 4 4 4 4 4 4 4 4 4 4 4 4 4 4 4 4 4 4 4 4 4 4 4 4 4 4 4 4 4 4 4 4 4 4 4 4 4 4 4 4 4 4 4 4 4 4 4 4 4 4 4 4 4 4 4 4 4 4 4 4 4 4 4 4 4 4 4 4 4 4 4 4 4 4 4 4 4 4 4 4 4 4 4 4 4 4 4 4 4 4 4 4 4 4 4 4 4 4 4 4 4 4 4 4 4 4 4 4 4 4 4 4 4 4 4 4 4 4 4 4 4 4 4 4 4 4 4 4 4 4 4 4 4 4 4 4 4 4 4 4 4 4 4 4 4 4 4 4 4 4 4 4 4 4 4 4 4 4 4 4 4 4 4 4 4 4 4 4 4 4 4 4 4 4 4 4 4 4 4 4 4 4 4 4 4 4 4 4 4 4 4 4 4 4 4 4 4 4 4 4 4 4 4 4 4 4 4 4 4 4 4 4 4 4 4 4 4 4 4 4 4 4 4 4 4 4 4 4 4 4 4 4 4 4 4 4 4 4 4 4 4 4 4 4 4 4 4 4 4 4 4 4 4 4 
Stripe id: 5
4 4 4 4 5 5 5 5 5 5 5 5 5 5 5 5 5 5 5 5 5 5 5 5 5 5 5 5 5 5 5 5 5 5 5 5 5 5 5 5 5 5 5 5 5 5 5 5 5 5 5 5 5 5 5 5 5 5 5 5 5 5 5 5 5 5 5 5 5 5 5 5 5 5 5 5 5 5 5 5 5 5 5 5 5 5 5 5 5 5 5 5 5 5 5 5 5 5 5 5 5 5 5 5 5 5 5 5 5 5 5 5 5 5 5 5 5 5 5 5 5 5 5 5 5 5 5 5 5 5 5 5 5 5 5 5 5 5 5 5 5 5 5 5 5 5 5 5 5 5 5 5 5 5 5 5 5 5 5 5 5 5 5 5 5 5 5 5 5 5 5 5 5 5 5 5 5 5 5 5 5 5 5 5 5 5 5 5 5 5 5 5 5 5 5 5 5 5 5 5 5 5 5 5 5 5 5 5 5 5 5 5 5 5 5 5 5 5 5 5 5 5 5 5 5 5 5 5 5 5 5 5 5 5 5 5 5 5 5 5 5 5 5 5 5 5 5 5 5 5 5 5 5 5 5 5 5 5 5 5 5 5 5 5 5 5 5 5 5 5 5 5 5 5 5 5 5 5 5 5 5 5 5 5 5 5 5 5 5 5 5 5 5 5 5 5 5 5 5 5 5 5 5 5 5 5 5 5 5 5 5 5 5 5 5 5 5 5 5 5 5 5 5 5 5 5 5 5 5 5 5 5 5 5 5 5 5 5 5 5 5 5 5 5 5 5 5 5 5 5 5 5 

